   t1=  1:t2=  1:sh= 1:Jij= -0.02370 !:sig=?????!:d= 3.12878062
   t1=  1:t2=  1:sh= 2:Jij= -0.00390 !:sig=?????!:d= 4.52850008
   t1=  1:t2=  1:sh= 4:Jij= -0.00153 !:sig=?????!:d= 6.29556374
