   t1=  1:t2=  1:sh= 1:Jij= -0.021150000!:sig=?????!:d= 2.98363406
   t1=  1:t2=  1:sh= 2:Jij= -0.002328750!:sig=?????!:d= 3.55720425
   t1=  1:t2=  1:sh= 3:Jij=  0.000225000!:sig=?????!:d= 4.54600000
