   t1=  1:t2=  1:sh= 1:Jij=  0.00069!:sig=?????!:d= 2.85504045
   t1=  1:t2=  1:sh= 2:Jij=  0.00003!:sig=?????!:d= 4.94499997
   t1=  1:t2=  1:sh= 3:Jij= -0.00151!:sig=?????!:d= 5.71001583
