 #written on 19Sep2025 at 11:51:30 
 #----------------------------------------------- MONTECARLO ---------------------------------------------------#
 # Temp      Magnetization     Energy_ave          C_M              Sus              U_E              U_M       #
 #--------------------------------------------------------------------------------------------------------------#
  20.0000   0.43328264E-02  -0.18137250E+03   0.10627603E+01   0.48238425E-03   0.66665907E+00   0.37429846E+00
  21.0000   0.44454039E-02  -0.18030705E+03   0.10702130E+01   0.48130356E-03   0.66665813E+00   0.37527995E+00
  22.0000   0.45532627E-02  -0.17924265E+03   0.10644316E+01   0.47702449E-03   0.66665724E+00   0.37867224E+00
  23.0000   0.46716758E-02  -0.17817307E+03   0.10686226E+01   0.47807890E-03   0.66665620E+00   0.37899208E+00
  24.0000   0.47789017E-02  -0.17710215E+03   0.10752260E+01   0.47707599E-03   0.66665506E+00   0.38081525E+00
  25.0000   0.48877377E-02  -0.17602496E+03   0.10783050E+01   0.47529834E-03   0.66665388E+00   0.38290310E+00
  26.0000   0.49922613E-02  -0.17494671E+03   0.10793434E+01   0.47267270E-03   0.66665265E+00   0.38581662E+00
  27.0000   0.51005230E-02  -0.17386142E+03   0.10885406E+01   0.47278323E-03   0.66665124E+00   0.38673352E+00
  28.0000   0.52005857E-02  -0.17277351E+03   0.10911943E+01   0.47156190E-03   0.66664982E+00   0.38803500E+00
  29.0000   0.53028916E-02  -0.17168009E+03   0.10931663E+01   0.47128685E-03   0.66664833E+00   0.38914868E+00
  30.0000   0.54039474E-02  -0.17058111E+03   0.10986241E+01   0.47011767E-03   0.66664669E+00   0.39041600E+00
  31.0000   0.54991832E-02  -0.16948516E+03   0.11018556E+01   0.46921780E-03   0.66664500E+00   0.39190635E+00
  32.0000   0.55996276E-02  -0.16837617E+03   0.11116412E+01   0.46746144E-03   0.66664307E+00   0.39465668E+00
  33.0000   0.56981793E-02  -0.16726157E+03   0.11148692E+01   0.46628273E-03   0.66664116E+00   0.39634455E+00
  34.0000   0.57981246E-02  -0.16614419E+03   0.11213183E+01   0.46562692E-03   0.66663907E+00   0.39804019E+00
  35.0000   0.58934473E-02  -0.16502117E+03   0.11239925E+01   0.46784286E-03   0.66663695E+00   0.39783211E+00
  36.0000   0.59816789E-02  -0.16389625E+03   0.11304672E+01   0.46537801E-03   0.66663461E+00   0.39965222E+00
  37.0000   0.60798935E-02  -0.16276274E+03   0.11314883E+01   0.46524915E-03   0.66663230E+00   0.40102102E+00
  38.0000   0.61780439E-02  -0.16162531E+03   0.11435762E+01   0.46626122E-03   0.66662951E+00   0.40201588E+00
  39.0000   0.62618450E-02  -0.16047892E+03   0.11471734E+01   0.46490490E-03   0.66662685E+00   0.40308984E+00
  40.0000   0.63588298E-02  -0.15932919E+03   0.11521569E+01   0.46385057E-03   0.66662399E+00   0.40576063E+00
  41.0000   0.64519941E-02  -0.15817317E+03   0.11567375E+01   0.46471398E-03   0.66662099E+00   0.40556664E+00
  42.0000   0.65421434E-02  -0.15700728E+03   0.11647254E+01   0.46327648E-03   0.66661769E+00   0.40868388E+00
  43.0000   0.66322515E-02  -0.15584221E+03   0.11676619E+01   0.46342656E-03   0.66661442E+00   0.40901907E+00
  44.0000   0.67123790E-02  -0.15466729E+03   0.11772739E+01   0.46193511E-03   0.66661067E+00   0.41006130E+00
  45.0000   0.68011451E-02  -0.15348899E+03   0.11888851E+01   0.46244434E-03   0.66660661E+00   0.41080677E+00
  46.0000   0.68957824E-02  -0.15229747E+03   0.11902404E+01   0.46351124E-03   0.66660285E+00   0.41181962E+00
  47.0000   0.69851648E-02  -0.15109904E+03   0.12065437E+01   0.46352312E-03   0.66659806E+00   0.41319246E+00
  48.0000   0.70770160E-02  -0.14989290E+03   0.12043845E+01   0.46394387E-03   0.66659409E+00   0.41448729E+00
  49.0000   0.71559693E-02  -0.14867830E+03   0.12207986E+01   0.46193597E-03   0.66658875E+00   0.41627612E+00
  50.0000   0.72525242E-02  -0.14746020E+03   0.12251350E+01   0.46348812E-03   0.66658390E+00   0.41719927E+00
  51.0000   0.73243879E-02  -0.14622559E+03   0.12330522E+01   0.46208211E-03   0.66657853E+00   0.41825457E+00
  52.0000   0.74098269E-02  -0.14498368E+03   0.12459838E+01   0.46201209E-03   0.66657249E+00   0.41910700E+00
  53.0000   0.75048852E-02  -0.14373521E+03   0.12536186E+01   0.46343148E-03   0.66656651E+00   0.42044222E+00
  54.0000   0.75799472E-02  -0.14248290E+03   0.12643046E+01   0.46311591E-03   0.66655997E+00   0.42058832E+00
  55.0000   0.76648625E-02  -0.14120856E+03   0.12728147E+01   0.46186619E-03   0.66655321E+00   0.42304488E+00
  56.0000   0.77572289E-02  -0.13992734E+03   0.12853549E+01   0.46514336E-03   0.66654571E+00   0.42258979E+00
  57.0000   0.78409544E-02  -0.13864140E+03   0.12948455E+01   0.46525377E-03   0.66653807E+00   0.42406097E+00
  58.0000   0.79244860E-02  -0.13733510E+03   0.13065206E+01   0.46616043E-03   0.66652976E+00   0.42476817E+00
  59.0000   0.80085424E-02  -0.13601920E+03   0.13189172E+01   0.46575484E-03   0.66652087E+00   0.42524203E+00
  60.0000   0.80876016E-02  -0.13469373E+03   0.13343328E+01   0.46477664E-03   0.66651112E+00   0.42736663E+00
  61.0000   0.81754908E-02  -0.13335362E+03   0.13515709E+01   0.46633642E-03   0.66650053E+00   0.42763197E+00
  62.0000   0.82555524E-02  -0.13200448E+03   0.13616453E+01   0.46734608E-03   0.66649021E+00   0.42842733E+00
  63.0000   0.83424662E-02  -0.13063180E+03   0.13731132E+01   0.46813973E-03   0.66647906E+00   0.42902240E+00
  64.0000   0.84192772E-02  -0.12925211E+03   0.13906022E+01   0.46954324E-03   0.66646639E+00   0.42901102E+00
  65.0000   0.85059395E-02  -0.12785499E+03   0.14097242E+01   0.46990871E-03   0.66645265E+00   0.43090079E+00
  66.0000   0.85894688E-02  -0.12644065E+03   0.14215341E+01   0.46940091E-03   0.66643917E+00   0.43149549E+00
  67.0000   0.86669283E-02  -0.12501181E+03   0.14430337E+01   0.47002908E-03   0.66642322E+00   0.43224698E+00
  68.0000   0.87537460E-02  -0.12355689E+03   0.14575722E+01   0.47207611E-03   0.66640739E+00   0.43252287E+00
  69.0000   0.88398516E-02  -0.12209182E+03   0.14781830E+01   0.47280894E-03   0.66638940E+00   0.43391156E+00
  70.0000   0.89220883E-02  -0.12061187E+03   0.14903838E+01   0.47371618E-03   0.66637185E+00   0.43439209E+00
  71.0000   0.90034291E-02  -0.11911053E+03   0.15146914E+01   0.47531867E-03   0.66635063E+00   0.43465431E+00
  72.0000   0.90826767E-02  -0.11757914E+03   0.15374901E+01   0.47412983E-03   0.66632814E+00   0.43615546E+00
  73.0000   0.91734597E-02  -0.11602980E+03   0.15568677E+01   0.47811436E-03   0.66630484E+00   0.43629955E+00
  74.0000   0.92528149E-02  -0.11445770E+03   0.15787521E+01   0.47897608E-03   0.66627925E+00   0.43644249E+00
  75.0000   0.93436727E-02  -0.11286802E+03   0.16071862E+01   0.48138401E-03   0.66625002E+00   0.43689566E+00
  76.0000   0.94182305E-02  -0.11125717E+03   0.16315427E+01   0.48221873E-03   0.66621975E+00   0.43718864E+00
  77.0000   0.94990081E-02  -0.10961267E+03   0.16516891E+01   0.48171582E-03   0.66618818E+00   0.43854955E+00
  78.0000   0.95866836E-02  -0.10793678E+03   0.16868320E+01   0.48369578E-03   0.66614961E+00   0.43907913E+00
  79.0000   0.96691571E-02  -0.10624587E+03   0.17091736E+01   0.48642912E-03   0.66611204E+00   0.43853321E+00
  80.0000   0.97522089E-02  -0.10452629E+03   0.17417699E+01   0.48725100E-03   0.66606793E+00   0.43972049E+00
  81.0000   0.98315650E-02  -0.10276224E+03   0.17723200E+01   0.48799973E-03   0.66602050E+00   0.44041587E+00
  82.0000   0.99129520E-02  -0.10097143E+03   0.17998281E+01   0.48951073E-03   0.66597024E+00   0.44053284E+00
  83.0000   0.10000199E-01  -0.99150660E+02   0.18359566E+01   0.49187730E-03   0.66591202E+00   0.44172636E+00
  84.0000   0.10097192E-01  -0.97280262E+02   0.18759406E+01   0.49535188E-03   0.66584623E+00   0.44079110E+00
  85.0000   0.10177367E-01  -0.95387792E+02   0.19161747E+01   0.49522032E-03   0.66577436E+00   0.44245339E+00
  86.0000   0.10263278E-01  -0.93446468E+02   0.19614245E+01   0.49836693E-03   0.66569260E+00   0.44168391E+00
  87.0000   0.10336350E-01  -0.91467356E+02   0.20051426E+01   0.49963859E-03   0.66560332E+00   0.44210697E+00
  88.0000   0.10427617E-01  -0.89438891E+02   0.20494426E+01   0.50038062E-03   0.66550379E+00   0.44340498E+00
  89.0000   0.10509095E-01  -0.87381531E+02   0.20893474E+01   0.50387610E-03   0.66539668E+00   0.44297497E+00
  90.0000   0.10612671E-01  -0.85243617E+02   0.21552449E+01   0.50654080E-03   0.66525933E+00   0.44351145E+00
  91.0000   0.10691287E-01  -0.83069296E+02   0.22061781E+01   0.50906541E-03   0.66511640E+00   0.44343638E+00
  92.0000   0.10774428E-01  -0.80837820E+02   0.22593544E+01   0.51015557E-03   0.66495338E+00   0.44422437E+00
  93.0000   0.10852517E-01  -0.78549018E+02   0.23282927E+01   0.51383207E-03   0.66475641E+00   0.44277678E+00
  94.0000   0.10959144E-01  -0.76166388E+02   0.24036398E+01   0.51710868E-03   0.66452500E+00   0.44358830E+00
  95.0000   0.11038494E-01  -0.73734290E+02   0.24530943E+01   0.51938876E-03   0.66428399E+00   0.44385250E+00
  96.0000   0.11129097E-01  -0.71283608E+02   0.24778353E+01   0.52372308E-03   0.66403591E+00   0.44279840E+00
  97.0000   0.11224909E-01  -0.68803072E+02   0.24535549E+01   0.52484484E-03   0.66380756E+00   0.44499371E+00
  98.0000   0.11312903E-01  -0.66400385E+02   0.23197999E+01   0.52774426E-03   0.66369477E+00   0.44446212E+00
  99.0000   0.11386539E-01  -0.64199127E+02   0.20900013E+01   0.52819622E-03   0.66373472E+00   0.44482760E+00
