   t1=  1:t2=  1:sh= 1:Jij=  0.00587500!:sig=?????!:d= 3.30845400
   t1=  1:t2=  1:sh= 2:Jij= -0.00078750!:sig=?????!:d= 3.81204435
