   t1=  1:t2=  1:sh= 1:Jij= 0.000423125!:sig=?????!:d= 3.30845400
   t1=  1:t2=  1:sh= 2:Jij=-0.001888750!:sig=?????!:d= 3.81204435
   t1=  1:t2=  1:sh= 3:Jij= 0.000027500!:sig=?????!:d= 4.85699807
