   t1=  1:t2=  1:sh= 1:Jij= -0.008500!:sig=?????!:d= 3.92640001
   t1=  1:t2=  1:sh= 2:Jij=  0.000135!:sig=?????!:d= 4.14392857
