   t1=  1:t2=  1:sh= 1:Jij= -0.00002412851881928!:sig=?????!:d= 5.55709982
   t1=  1:t2=  1:sh= 2:Jij= -0.00002412851881928!:sig=?????!:d= 5.57628606
   t1=  1:t2=  1:sh= 3:Jij= -0.0018096389114456 !:sig=?????!:d= 7.85892593
   t1=  1:t2=  1:sh= 4:Jij= -0.0018096389114456 !:sig=?????!:d= 7.91309977
