   t1=  1:t2=  1:sh= 1:Jij=  0.001687500!:sig=?????!:d= 3.69109579
   t1=  1:t2=  1:sh= 2:Jij= -0.006562500!:sig=?????!:d= 5.21999772
   t1=  1:t2=  1:sh= 3:Jij=  0.001187500!:sig=?????!:d= 6.39316544
