   t1=  1:t2=  1:sh= 1:Jij= -0.0048125!:sig=?????!:d= 3.14733228
   t1=  1:t2=  1:sh= 2:Jij= -0.0055625!:sig=?????!:d= 4.45099999
