   t1=  1:t2=  1:sh= 1:Jij= -0.031357758!:sig=?????!:d= 3.79199993
   t1=  1:t2=  1:sh= 2:Jij= -0.031357758!:sig=?????!:d= 3.82964680
   t1=  1:t2=  1:sh= 3:Jij= -0.002047413!:sig=?????!:d= 5.25099999
   t1=  1:t2=  1:sh= 4:Jij= -0.002047413!:sig=?????!:d= 5.38938383
