   t1=  1:t2=  1:sh= 1:Jij= -0.055920!:sig=?????!:d= 3.11768395
   t1=  1:t2=  1:sh= 2:Jij= -0.022380!:sig=?????!:d= 4.38399982
   t1=  1:t2=  1:sh= 3:Jij= -0.015560!:sig=?????!:d= 4.43400002
   t1=  1:t2=  1:sh=14:Jij=  0.000182!:sig=?????!:d=11.50762027
