 #written on 16Sep2025 at 11:29:48 
 #----------------------------------------------- MONTECARLO ---------------------------------------------------#
 # Temp      Magnetization     Energy_ave          C_M              Sus              U_E              U_M       #
 #--------------------------------------------------------------------------------------------------------------#
  20.0000   0.74015117E-02  -0.11838808E+03   0.10924392E+01   0.13812782E-02   0.66664834E+00   0.37914045E+00
  21.0000   0.76004370E-02  -0.11729092E+03   0.11010002E+01   0.13744766E-02   0.66664592E+00   0.38132167E+00
  22.0000   0.77980767E-02  -0.11618114E+03   0.11125035E+01   0.13682697E-02   0.66664322E+00   0.38495802E+00
  23.0000   0.79975556E-02  -0.11506731E+03   0.11167580E+01   0.13685937E-02   0.66664044E+00   0.38561110E+00
  24.0000   0.81787066E-02  -0.11394623E+03   0.11220555E+01   0.13635708E-02   0.66663741E+00   0.38718207E+00
  25.0000   0.83648486E-02  -0.11281858E+03   0.11316302E+01   0.13585816E-02   0.66663401E+00   0.38918519E+00
  26.0000   0.85639345E-02  -0.11167884E+03   0.11435463E+01   0.13549810E-02   0.66663024E+00   0.39294155E+00
  27.0000   0.87345272E-02  -0.11053405E+03   0.11529508E+01   0.13545326E-02   0.66662623E+00   0.39227441E+00
  28.0000   0.89150084E-02  -0.10937974E+03   0.11631233E+01   0.13483966E-02   0.66662187E+00   0.39519551E+00
  29.0000   0.90968757E-02  -0.10821352E+03   0.11670868E+01   0.13449405E-02   0.66661741E+00   0.39831045E+00
  30.0000   0.92830596E-02  -0.10704017E+03   0.11784284E+01   0.13464353E-02   0.66661226E+00   0.40004711E+00
  31.0000   0.94604237E-02  -0.10585689E+03   0.11892848E+01   0.13457032E-02   0.66660673E+00   0.40095233E+00
  32.0000   0.96398532E-02  -0.10466018E+03   0.11989250E+01   0.13405541E-02   0.66660080E+00   0.40392196E+00
  33.0000   0.97993392E-02  -0.10345380E+03   0.12148894E+01   0.13353002E-02   0.66659402E+00   0.40552901E+00
  34.0000   0.99841206E-02  -0.10223361E+03   0.12218268E+01   0.13376815E-02   0.66658725E+00   0.40682254E+00
  35.0000   0.10156599E-01  -0.10099993E+03   0.12338773E+01   0.13352978E-02   0.66657960E+00   0.40931665E+00
  36.0000   0.10327336E-01  -0.99756050E+02   0.12531248E+01   0.13360662E-02   0.66657077E+00   0.41092566E+00
  37.0000   0.10505952E-01  -0.98494414E+02   0.12703283E+01   0.13332515E-02   0.66656133E+00   0.41312265E+00
  38.0000   0.10680357E-01  -0.97223417E+02   0.12842338E+01   0.13381441E-02   0.66655139E+00   0.41393849E+00
  39.0000   0.10838090E-01  -0.95924398E+02   0.12963978E+01   0.13353605E-02   0.66654076E+00   0.41578550E+00
  40.0000   0.11010988E-01  -0.94615887E+02   0.13216237E+01   0.13349431E-02   0.66652789E+00   0.41769711E+00
  41.0000   0.11177018E-01  -0.93286876E+02   0.13401874E+01   0.13303908E-02   0.66651458E+00   0.41982243E+00
  42.0000   0.11348303E-01  -0.91937536E+02   0.13576853E+01   0.13370170E-02   0.66650021E+00   0.42077291E+00
  43.0000   0.11526282E-01  -0.90564476E+02   0.13833007E+01   0.13379468E-02   0.66648348E+00   0.42260350E+00
  44.0000   0.11703154E-01  -0.89175706E+02   0.14001267E+01   0.13440107E-02   0.66646644E+00   0.42327335E+00
  45.0000   0.11872651E-01  -0.87757743E+02   0.14288332E+01   0.13430956E-02   0.66644599E+00   0.42575293E+00
  46.0000   0.12049070E-01  -0.86317419E+02   0.14539168E+01   0.13465236E-02   0.66642415E+00   0.42699267E+00
  47.0000   0.12204634E-01  -0.84843452E+02   0.14853926E+01   0.13446199E-02   0.66639897E+00   0.42917402E+00
  48.0000   0.12392214E-01  -0.83343152E+02   0.15120726E+01   0.13542637E-02   0.66637212E+00   0.42973713E+00
  49.0000   0.12556969E-01  -0.81812108E+02   0.15439795E+01   0.13527898E-02   0.66634144E+00   0.43154181E+00
  50.0000   0.12744473E-01  -0.80252154E+02   0.15833732E+01   0.13604867E-02   0.66630579E+00   0.43304662E+00
  51.0000   0.12907333E-01  -0.78654350E+02   0.16154304E+01   0.13671851E-02   0.66626798E+00   0.43329809E+00
  52.0000   0.13099591E-01  -0.77008383E+02   0.16543793E+01   0.13741275E-02   0.66622386E+00   0.43480699E+00
  53.0000   0.13282343E-01  -0.75335895E+02   0.16937864E+01   0.13791816E-02   0.66617465E+00   0.43661988E+00
  54.0000   0.13458525E-01  -0.73612143E+02   0.17450271E+01   0.13852166E-02   0.66611559E+00   0.43727278E+00
  55.0000   0.13638775E-01  -0.71840883E+02   0.17975751E+01   0.13912561E-02   0.66604849E+00   0.43828618E+00
  56.0000   0.13821857E-01  -0.70020358E+02   0.18457483E+01   0.14017277E-02   0.66597400E+00   0.43887850E+00
  57.0000   0.14017853E-01  -0.68143969E+02   0.19075063E+01   0.14171636E-02   0.66588391E+00   0.43895289E+00
  58.0000   0.14203385E-01  -0.66211800E+02   0.19812219E+01   0.14204988E-02   0.66577532E+00   0.44097191E+00
  59.0000   0.14392544E-01  -0.64202747E+02   0.20399825E+01   0.14334617E-02   0.66565654E+00   0.44101326E+00
  60.0000   0.14596612E-01  -0.62133987E+02   0.21125918E+01   0.14441094E-02   0.66551212E+00   0.44214916E+00
  61.0000   0.14794490E-01  -0.59976896E+02   0.21953081E+01   0.14592334E-02   0.66533669E+00   0.44230387E+00
  62.0000   0.14993506E-01  -0.57730852E+02   0.22833889E+01   0.14740592E-02   0.66512431E+00   0.44236094E+00
  63.0000   0.15196386E-01  -0.55384526E+02   0.23881256E+01   0.14871339E-02   0.66485800E+00   0.44287341E+00
  64.0000   0.15413823E-01  -0.52954184E+02   0.24515559E+01   0.15022512E-02   0.66456944E+00   0.44396430E+00
  65.0000   0.15613971E-01  -0.50536092E+02   0.23931508E+01   0.15156639E-02   0.66434251E+00   0.44418280E+00
  66.0000   0.15811771E-01  -0.48245608E+02   0.21329051E+01   0.15315593E-02   0.66431376E+00   0.44406323E+00
  67.0000   0.15974221E-01  -0.46294162E+02   0.17665007E+01   0.15374731E-02   0.66448168E+00   0.44434666E+00
  68.0000   0.16118814E-01  -0.44687638E+02   0.14692920E+01   0.15432574E-02   0.66465792E+00   0.44478831E+00
  69.0000   0.16243005E-01  -0.43331138E+02   0.12585399E+01   0.15384941E-02   0.66478436E+00   0.44537917E+00
  70.0000   0.16337008E-01  -0.42148711E+02   0.11124598E+01   0.15444042E-02   0.66485890E+00   0.44376074E+00
  71.0000   0.16448897E-01  -0.41087864E+02   0.10055797E+01   0.15388360E-02   0.66489886E+00   0.44417433E+00
  72.0000   0.16519096E-01  -0.40126834E+02   0.92278922E+00   0.15302103E-02   0.66491803E+00   0.44465570E+00
  73.0000   0.16631498E-01  -0.39235971E+02   0.85756240E+00   0.15299377E-02   0.66492029E+00   0.44406956E+00
  74.0000   0.16692061E-01  -0.38407180E+02   0.80107355E+00   0.15226752E-02   0.66491771E+00   0.44425554E+00
  75.0000   0.16764480E-01  -0.37633408E+02   0.75566884E+00   0.15152207E-02   0.66490213E+00   0.44426088E+00
  76.0000   0.16841814E-01  -0.36897873E+02   0.71451895E+00   0.15114650E-02   0.66488497E+00   0.44392359E+00
  77.0000   0.16918798E-01  -0.36208249E+02   0.67926533E+00   0.14985459E-02   0.66486124E+00   0.44480263E+00
  78.0000   0.16967418E-01  -0.35546289E+02   0.64371732E+00   0.14898861E-02   0.66484492E+00   0.44477384E+00
  79.0000   0.17032946E-01  -0.34916519E+02   0.61313661E+00   0.14809978E-02   0.66482232E+00   0.44460408E+00
  80.0000   0.17087527E-01  -0.34319904E+02   0.58700758E+00   0.14729033E-02   0.66479254E+00   0.44488220E+00
  81.0000   0.17147258E-01  -0.33742794E+02   0.56207878E+00   0.14633746E-02   0.66476377E+00   0.44506789E+00
  82.0000   0.17201564E-01  -0.33193310E+02   0.53874237E+00   0.14534583E-02   0.66473517E+00   0.44522541E+00
  83.0000   0.17263535E-01  -0.32665860E+02   0.51812806E+00   0.14494999E-02   0.66470161E+00   0.44485835E+00
  84.0000   0.17300418E-01  -0.32157522E+02   0.49951087E+00   0.14413915E-02   0.66466460E+00   0.44401131E+00
  85.0000   0.17353614E-01  -0.31667999E+02   0.48051789E+00   0.14323942E-02   0.66463375E+00   0.44430796E+00
  86.0000   0.17387646E-01  -0.31196115E+02   0.46308566E+00   0.14196689E-02   0.66459981E+00   0.44478989E+00
  87.0000   0.17436416E-01  -0.30741421E+02   0.44626977E+00   0.14082562E-02   0.66456752E+00   0.44498768E+00
  88.0000   0.17497412E-01  -0.30300379E+02   0.43287213E+00   0.14066439E-02   0.66452250E+00   0.44412136E+00
  89.0000   0.17537142E-01  -0.29875828E+02   0.41732993E+00   0.13930806E-02   0.66449187E+00   0.44508650E+00
  90.0000   0.17574566E-01  -0.29464631E+02   0.40508288E+00   0.13859348E-02   0.66444791E+00   0.44446532E+00
  91.0000   0.17592848E-01  -0.29064381E+02   0.39221558E+00   0.13732455E-02   0.66440954E+00   0.44454479E+00
  92.0000   0.17650930E-01  -0.28681871E+02   0.37921198E+00   0.13677796E-02   0.66437620E+00   0.44471084E+00
  93.0000   0.17682365E-01  -0.28306838E+02   0.36830884E+00   0.13567706E-02   0.66433323E+00   0.44446295E+00
  94.0000   0.17708687E-01  -0.27943216E+02   0.35768673E+00   0.13431783E-02   0.66429142E+00   0.44512969E+00
  95.0000   0.17752475E-01  -0.27590183E+02   0.34786581E+00   0.13381756E-02   0.66424596E+00   0.44463979E+00
  96.0000   0.17777337E-01  -0.27246552E+02   0.33867572E+00   0.13312997E-02   0.66419942E+00   0.44405112E+00
  97.0000   0.17811765E-01  -0.26909358E+02   0.32901489E+00   0.13199408E-02   0.66415775E+00   0.44470776E+00
  98.0000   0.17845979E-01  -0.26589464E+02   0.31956323E+00   0.13135258E-02   0.66411896E+00   0.44438067E+00
  99.0000   0.17868568E-01  -0.26272729E+02   0.31157569E+00   0.13017826E-02   0.66407067E+00   0.44472218E+00
