   t1=  1:t2=  1:sh= 1:Jij= 0.0045225!:sig=?????!:d= 3.96469961
   t1=  1:t2=  1:sh= 2:Jij= 0.0013275!:sig=?????!:d= 6.58742337
   t1=  1:t2=  1:sh= 3:Jij= 0.0003600!:sig=?????!:d= 6.86701252
   t1=  1:t2=  1:sh= 6:Jij=-0.0001800!:sig=?????!:d= 7.92935709
