   t1=  1:t2=  1:sh= 1:Jij= -0.02316250!:sig=?????!:d= 3.35146067
   t1=  1:t2=  1:sh= 2:Jij=  0.00072500!:sig=?????!:d= 4.14999811
   t1=  1:t2=  1:sh= 3:Jij= -0.00308750!:sig=?????!:d= 5.33430154
