   t1=  1:t2=  1:sh= 1:Jij= 0.001279880!:sig=?????!:d= 3.63728655
   t1=  1:t2=  1:sh= 2:Jij= 0.000251125!:sig=?????!:d= 5.14389998
