   t1=  1:t2=  1:sh= 1:Jij= -0.0565000!:sig=?????!:d= 3.04763019
   t1=  1:t2=  1:sh= 2:Jij= -0.0195000!:sig=?????!:d= 4.30999994
   t1=  1:t2=  1:sh= 8:Jij=  0.0003250!:sig=?????!:d=10.85000038
