   t1=  1:t2=  1:sh= 1:Jij= -0.011812500!:sig=?????!:d= 2.95690195
   t1=  1:t2=  1:sh= 2:Jij=  0.001068750!:sig=?????!:d= 3.55059693
   t1=  1:t2=  1:sh= 3:Jij=  0.00022500!:sig=?????!:d= 4.57099997
