   t1=  1:t2=  1:sh= 1:Jij= -0.027375000!:sig=?????!:d= 4.00098089
   t1=  1:t2=  1:sh= 2:Jij= -0.000937500!:sig=?????!:d= 5.62999875
