   t1=  1:t2=  1:sh= 1:Jij= -0.0056250000!:sig=?????!:d= 3.69499802
   t1=  1:t2=  1:sh= 2:Jij= -0.0003750000!:sig=?????!:d= 6.39956085
   t1=  1:t2=  1:sh= 3:Jij= -0.0003875000!:sig=?????!:d= 6.94487665
   t1=  1:t2=  1:sh= 4:Jij= -0.0023750000!:sig=?????!:d= 7.38968130
