   t1=  1:t2=  1:sh= 1:Jij= -0.013600!:sig=?????!:d= 3.43968123
   t1=  1:t2=  1:sh= 2:Jij= -0.008080!:sig=?????!:d= 3.60600282
