   t1=  1:t2=  1:sh= 1:Jij= -0.03092672!:sig=?????!:d= 3.81749983
   t1=  1:t2=  1:sh= 2:Jij= -0.03092672!:sig=?????!:d= 3.86486346
   t1=  1:t2=  1:sh= 3:Jij= -0.00150862!:sig=?????!:d= 5.32599980
   t1=  1:t2=  1:sh= 4:Jij= -0.00150862!:sig=?????!:d= 5.43235442
