   t1=  1:t2=  1:sh= 1:Jij=-0.00464 !:sig=?????!:d= 3.84645010
   t1=  1:t2=  1:sh= 2:Jij= 0.00664!:sig=?????!:d= 3.99019120
