   t1=  1:t2=  1:sh= 1:Jij=  0.0006800!:sig=?????!:d= 3.60299996
   t1=  1:t2=  1:sh= 2:Jij= -0.0000900!:sig=?????!:d= 6.20444373
   t1=  1:t2=  1:sh= 3:Jij= -0.0000300!:sig=?????!:d= 6.24057898
