   t1=  1:t2=  1:sh= 1:Jij= -0.02781250!:sig=?????!:d= 3.88095003
   t1=  1:t2=  1:sh= 2:Jij= -0.02781250!:sig=?????!:d= 3.90269382
