   t1=  1:t2=  1:sh= 1:Jij=  0.00213750 !:sig=?????!:d= 3.43080226
   t1=  1:t2=  1:sh= 2:Jij=  0.00005400 !:sig=?????!:d= 5.81348826
   t1=  1:t2=  1:sh= 3:Jij= -0.00001800 !:sig=?????!:d= 5.94199991
   t1=  1:t2=  1:sh= 6:Jij= -0.00011475 !:sig=?????!:d= 6.86132401
