   t1=  1:t2=  1:sh= 1:Jij=  0.00049844827!:sig=?????!:d= 4.21223526
   t1=  1:t2=  1:sh= 2:Jij= -0.00024922413!:sig=?????!:d= 5.95700023
