   t1=  1:t2=  1:sh= 1:Jij= -0.0304375!:sig=?????!:d= 3.92008736
   t1=  1:t2=  1:sh= 2:Jij= -0.0304375!:sig=?????!:d= 3.92833229
