   t1=  1:t2=  1:sh= 1:Jij= -0.007800!:sig=?????!:d= 3.92433994
   t1=  1:t2=  1:sh= 2:Jij=  0.002900!:sig=?????!:d= 3.92761406
