 
 Begin Unit_Cell_Cart
     0.00000000   4.03200006   4.03200006
     4.03200006   0.00000000   4.03200006
     4.03200006   4.03200006   0.00000000
 End Unit_Cell_Cart
 
 Begin Atoms_Frac
  Ni       0.5000000   0.5000000   0.5000000    1.00
 End Atoms_Frac
 
 tem_start          =  12
 tem_end            =  35
 tems_num           =   24
 !! tems_mode          = man
 !! tems               = 5.00 10.00 15.00 20.00
 
 Pt                 = .True.
 Pt_steps_swap      = 10
 
 steps_warmup      =       1000000
 steps_mc          =       1000000
 steps_measure     =            5
 
 initial_sconfig   =        ferro
 mcarlo_mode       =       random
 
 supercell_size    =     13  13  13  
 
 
 Begin Jij_parameters
  f1=    0.500000,    0.500000,    0.500000:f2=    1.500000,    0.500000,    0.500000:jij= -0.00001896!:sh=  1!:t1=  1:t2=  1
  f1=    0.500000,    0.500000,    0.500000:f2=    1.500000,    0.500000,   -0.500000:jij= -0.00001896!:sh=  1!:t1=  1:t2=  1
  f1=    0.500000,    0.500000,    0.500000:f2=    1.500000,   -0.500000,    0.500000:jij= -0.00001896!:sh=  1!:t1=  1:t2=  1
  f1=    0.500000,    0.500000,    0.500000:f2=    0.500000,    1.500000,    0.500000:jij= -0.00001896!:sh=  1!:t1=  1:t2=  1
  f1=    0.500000,    0.500000,    0.500000:f2=    0.500000,    1.500000,   -0.500000:jij= -0.00001896!:sh=  1!:t1=  1:t2=  1
  f1=    0.500000,    0.500000,    0.500000:f2=    0.500000,    0.500000,    1.500000:jij= -0.00001896!:sh=  1!:t1=  1:t2=  1
  f1=    0.500000,    0.500000,    0.500000:f2=    0.500000,    0.500000,   -0.500000:jij= -0.00001896!:sh=  1!:t1=  1:t2=  1
  f1=    0.500000,    0.500000,    0.500000:f2=    0.500000,   -0.500000,    1.500000:jij= -0.00001896!:sh=  1!:t1=  1:t2=  1
  f1=    0.500000,    0.500000,    0.500000:f2=    0.500000,   -0.500000,    0.500000:jij= -0.00001896!:sh=  1!:t1=  1:t2=  1
  f1=    0.500000,    0.500000,    0.500000:f2=   -0.500000,    1.500000,    0.500000:jij= -0.00001896!:sh=  1!:t1=  1:t2=  1
  f1=    0.500000,    0.500000,    0.500000:f2=   -0.500000,    0.500000,    1.500000:jij= -0.00001896!:sh=  1!:t1=  1:t2=  1
  f1=    0.500000,    0.500000,    0.500000:f2=   -0.500000,    0.500000,    0.500000:jij= -0.00001896!:sh=  1!:t1=  1:t2=  1
  f1=    0.500000,    0.500000,    0.500000:f2=    1.500000,    1.500000,   -0.500000:jij= -0.00158559!:sh=  2!:t1=  1:t2=  1
  f1=    0.500000,    0.500000,    0.500000:f2=    1.500000,   -0.500000,    1.500000:jij= -0.00158559!:sh=  2!:t1=  1:t2=  1
  f1=    0.500000,    0.500000,    0.500000:f2=    1.500000,   -0.500000,   -0.500000:jij= -0.00158559!:sh=  2!:t1=  1:t2=  1
  f1=    0.500000,    0.500000,    0.500000:f2=   -0.500000,    1.500000,    1.500000:jij= -0.00158559!:sh=  2!:t1=  1:t2=  1
  f1=    0.500000,    0.500000,    0.500000:f2=   -0.500000,    1.500000,   -0.500000:jij= -0.00158559!:sh=  2!:t1=  1:t2=  1
  f1=    0.500000,    0.500000,    0.500000:f2=   -0.500000,   -0.500000,    1.500000:jij= -0.00158559!:sh=  2!:t1=  1:t2=  1
 End Jij_parameters
