  Begin Parameters_Jij
   t1=  1:t2=  1:sh= 1:Jij= -0.000009479060964715!:sig=?????!:d= 5.55709982
   t1=  1:t2=  1:sh= 2:Jij= -0.000009479060964715!:sig=?????!:d= 5.57628606
   t1=  1:t2=  1:sh= 3:Jij= -0.0007927941897761!:sig=?????!:d= 7.85892593
   t1=  1:t2=  1:sh= 4:Jij= -0.0007927941897761!:sig=?????!:d= 7.91309977
  End Parameters_Jij
