   t1=  1:t2=  1:sh= 1:Jij= -0.005296!:sig=?????!:d= 3.87001596
   t1=  1:t2=  1:sh= 2:Jij= -0.002160!:sig=?????!:d= 4.69199984
   t1=  1:t2=  1:sh= 4:Jij=  0.000168!:sig=?????!:d= 5.57982767
   t1=  1:t2=  1:sh= 5:Jij=  0.000168!:sig=?????!:d= 5.77586528
