   t1=  1:t2=  1:sh= 1:Jij= 0.0000238!:sig=?????!:d= 3.30910000
   t1=  1:t2=  1:sh= 2:Jij=-0.0018052!:sig=?????!:d= 3.71033172
   t1=  1:t2=  1:sh= 3:Jij= 0.0000962!:sig=?????!:d= 4.69660000
