   t1=  1:t2=  1:sh= 1:Jij=  0.001395!:sig=?????!:d= 3.01439622
   t1=  1:t2=  1:sh= 2:Jij= -.0126000!:sig=?????!:d= 4.26300001
   t1=  1:t2=  1:sh= 3:Jij=  0.003015!:sig=?????!:d= 5.22108740
