   t1=  1:t2=  1:sh= 1:Jij= -0.0045200!:sig=?????!:d= 3.48000032
   t1=  1:t2=  1:sh= 3:Jij= -0.0004800!:sig=?????!:d= 5.95699990
   t1=  1:t2=  1:sh= 4:Jij=  0.0000040!:sig=?????!:d= 6.62100015
