   t1=  1:t2=  1:sh= 1:Jij=-0.000018958121929430 !:sig=?????!:d= 5.70210918
   t1=  1:t2=  1:sh= 2:Jij=-0.0015855883795522   !:sig=?????!:d= 8.06400013
