   t1=  1:t2=  1:sh= 1:Jij=  0.001370000!:sig=?????!:d= 2.94934238
   t1=  1:t2=  1:sh= 2:Jij= -0.019010000!:sig=?????!:d= 4.17100000
