   t1=  1:t2=  1:sh= 1:Jij= -0.0218025!:sig=?????!:d= 3.88130908
   t1=  1:t2=  1:sh= 2:Jij= -0.0009675!:sig=?????!:d= 5.48799992
   t1=  1:t2=  1:sh= 3:Jij= -0.0009675!:sig=?????!:d= 5.48999977
   t1=  1:t2=  1:sh= 5:Jij= -0.0003150!:sig=?????!:d= 7.76261815
