   t1=  1:t2=  1:sh= 1:Jij=  0.0037413!:sig=?????!:d= 3.48299998
   t1=  1:t2=  1:sh= 2:Jij= -0.0008362!:sig=?????!:d= 6.03273292
   t1=  1:t2=  1:sh= 3:Jij= -0.0001327!:sig=?????!:d= 6.13871009
