   t1=  1:t2=  1:sh= 1:Jij=  0.0036688150!:sig=?????!:d= 3.04572011
   t1=  1:t2=  1:sh= 2:Jij=  0.0020426375!:sig=?????!:d= 3.05181459
   t1=  1:t2=  1:sh= 3:Jij= -0.0064650470!:sig=?????!:d= 4.31161028
