   t1=  1:t2=  1:sh= 1:Jij= -0.101250!:sig=?????!:d= 3.08203768
   t1=  1:t2=  1:sh= 2:Jij= -0.034000!:sig=?????!:d= 4.35865948
   t1=  1:t2=  1:sh= 4:Jij= -0.004500!:sig=?????!:d= 6.74352835
