   t1=  1:t2=  1:sh= 1:Jij= -0.0163600 !:sig=?????!:d= 3.46131338
   t1=  1:t2=  1:sh= 2:Jij= -0.0061600 !:sig=?????!:d= 3.54994221
   t1=  1:t2=  1:sh= 4:Jij=  0.0000760 !:sig=?????!:d= 6.04589997
