   t1=  1:t2=  1:sh= 1:Jij=  0.00002726!:sig=?????!:d= 3.08359891
   t1=  1:t2=  1:sh= 2:Jij= -0.00171913!:sig=?????!:d= 3.63138981
   t1=  1:t2=  1:sh= 3:Jij=  0.00009791!:sig=?????!:d= 4.64969815
