   t1=  1:t2=  1:sh= 1:Jij= 0.0030825!:sig=?????!:d= 3.33095675
   t1=  1:t2=  1:sh= 2:Jij=-0.0002025!:sig=?????!:d= 5.76964489
   t1=  1:t2=  1:sh= 3:Jij=-0.0067500!:sig=?????!:d= 6.66281215
