   t1=  1:t2=  1:sh= 1:Jij= -0.0542500!:sig=?????!:d= 3.17672699
   t1=  1:t2=  1:sh= 2:Jij= -0.0196250!:sig=?????!:d= 4.49257040
   t1=  1:t2=  1:sh= 5:Jij= -0.00315000!:sig=?????!:d= 7.27818012
