   t1=  1:t2=  1:sh= 1:Jij= -0.05850000!:sig=?????!:d= 3.18198141
   t1=  1:t2=  1:sh= 2:Jij= -0.01975000!:sig=?????!:d= 4.50000127
   t1=  1:t2=  1:sh= 8:Jij=  0.00025000!:sig=?????!:d=11.08000303
