   t1=  1:t2=  1:sh= 1:Jij=-0.009125 !:sig=?????!:d= 3.19870199
   t1=  1:t2=  2:sh= 2:Jij=-0.00528  !:sig=?????!:d= 5.02568894
   t1=  2:t2=  1:sh= 1:Jij=-0.00528  !:sig=?????!:d= 5.02568894
