   t1=  1:t2=  1:sh= 1:Jij= -0.0282!:sig=?????!:d= 3.88873372
   t1=  1:t2=  1:sh= 2:Jij= -0.0013!:sig=?????!:d= 5.49949996
   t1=  1:t2=  1:sh= 4:Jij=  0.0002!:sig=?????!:d= 7.77746744
