   t1=  1:t2=  1:sh= 1:Jij=  0.00345258!:sig=?????!:d= 2.86577400
   t1=  1:t2=  1:sh= 2:Jij=  0.00213362!:sig=?????!:d= 3.41766432
   t1=  1:t2=  1:sh= 3:Jij= -0.00050431!:sig=?????!:d= 4.38799823
