   t1=  1:t2=  1:sh= 1:Jij= -0.0024169558!:sig=?????!:d= 4.07100001
   t1=  1:t2=  1:sh= 2:Jij= -0.0000433812!:sig=?????!:d= 5.75726342
