   t1=  1:t2=  1:sh= 1:Jij= -0.070000!:sig=?????!:d= 3.04763019
   t1=  1:t2=  1:sh= 2:Jij= -0.026000!:sig=?????!:d= 4.30999994
   t1=  1:t2=  1:sh= 8:Jij=  0.001825!:sig=?????!:d=10.85000038
