   t1=  1:t2=  1:sh= 1:Jij=  0.0037500!:sig=?????!:d= 3.84681811
   t1=  1:t2=  1:sh= 2:Jij=  0.0065000!:sig=?????!:d= 3.85357651
