   t1=  1:t2=  1:sh= 1:Jij= 0.005280!:sig=?????!:d= 3.61537346
   t1=  1:t2=  1:sh= 2:Jij=-0.000480!:sig=?????!:d= 6.26200008
   t1=  1:t2=  1:sh= 4:Jij=-0.005120!:sig=?????!:d= 7.23073788
