   t1=  1:t2=  1:sh= 1:Jij=  0.003341250!:sig=?????!:d= 3.61421421
   t1=  1:t2=  1:sh= 3:Jij=  0.000173250!:sig=?????!:d= 6.26000231
   t1=  1:t2=  1:sh= 5:Jij= -0.000153000!:sig=?????!:d= 7.22842785
