   t1=  1:t2=  1:sh= 1:Jij= -0.02981250!:sig=?????!:d= 3.79775264
   t1=  1:t2=  1:sh= 2:Jij= -0.02981250!:sig=?????!:d= 3.84209994
   t1=  1:t2=  1:sh= 3:Jij= -0.00131250!:sig=?????!:d= 5.27458115
   t1=  1:t2=  1:sh= 4:Jij= -0.00131250!:sig=?????!:d= 5.40228258
