   t1=  1:t2=  1:sh= 1:Jij= -0.05325000!:sig=?????!:d= 3.23854918
   t1=  1:t2=  1:sh= 2:Jij= -0.01597500!:sig=?????!:d= 4.58000017
   t1=  1:t2=  1:sh= 8:Jij= -0.00027500!:sig=?????!:d=11.56500055
