   t1=  1:t2=  1:sh= 1:Jij= -0.0284375!:sig=?????!:d= 3.89300022
   t1=  1:t2=  1:sh= 2:Jij= -0.0284375!:sig=?????!:d= 3.91044801
