   t1=  1:t2=  1:sh= 1:Jij= -0.0031250000!:sig=?????!:d= 4.30133052
   t1=  1:t2=  1:sh= 2:Jij=  0.000312500!:sig=?????!:d= 6.08299996
