   t1=  1:t2=  1:sh= 1:Jij= -0.0041850!:sig=?????!:d= 3.77547719
   t1=  1:t2=  1:sh= 2:Jij= -0.0026000!:sig=?????!:d= 3.84510470
