   t1=  1:t2=  1:sh= 1:Jij=  0.0031200!:sig=?????!:d= 3.71500000
   t1=  1:t2=  1:sh= 2:Jij= -0.0000360!:sig=?????!:d= 6.43456876
   t1=  1:t2=  1:sh= 3:Jij= -0.0003640!:sig=?????!:d= 6.46609630
   t1=  1:t2=  1:sh= 4:Jij= -0.0008200!:sig=?????!:d= 7.43000000
