   t1=  1:t2=  1:sh= 1:Jij= -0.00009000 !:sig=?????!:d= 2.90980005
   t1=  1:t2=  1:sh= 3:Jij= -0.00027500 !:sig=?????!:d= 6.08166292
   t1=  1:t2=  1:sh= 4:Jij= -0.00117500 !:sig=?????!:d= 6.33265003
   t1=  1:t2=  1:sh= 5:Jij= -0.00012500 !:sig=?????!:d= 7.12773905
